72.66666666666667
53.333333333333336
47.0
62.333333333333336
49.333333333333336
56.666666666666664
44.0
73.66666666666667
59.666666666666664
56.0
95.0
57.333333333333336
93.66666666666667
60.666666666666664
67.0
70.66666666666667
56.666666666666664
67.66666666666667
49.0
72.66666666666667
50.666666666666664
63.333333333333336
69.66666666666667
72.0
77.33333333333333
64.0
68.33333333333333
65.66666666666667
37.333333333333336
57.666666666666664
69.66666666666667
60.333333333333336
66.66666666666667
75.33333333333333
34.0
80.33333333333333
71.66666666666667
58.666666666666664
72.66666666666667
59.0
48.0
45.333333333333336
63.333333333333336
70.33333333333333
70.33333333333333
77.66666666666667
81.33333333333333
74.66666666666667
35.333333333333336
72.0
55.666666666666664
58.333333333333336
52.0
40.0
64.33333333333333
50.0
51.0
70.33333333333333
45.666666666666664
61.333333333333336
73.33333333333333
78.33333333333333
88.33333333333333
61.333333333333336
67.33333333333333
65.66666666666667
70.33333333333333
63.666666666666664
70.33333333333333
92.33333333333333
75.66666666666667
55.333333333333336
62.0
78.0
46.0
46.666666666666664
79.0
80.0
46.333333333333336
76.0
59.0
55.333333333333336
61.0
45.333333333333336
71.0
58.666666666666664
51.666666666666664
40.0
54.0
55.666666666666664
49.0
67.0
61.0
59.666666666666664
50.0
83.66666666666667
83.66666666666667
71.0
63.333333333333336
54.666666666666664
82.33333333333333
57.0
49.666666666666664
71.66666666666667
70.0
34.333333333333336
91.33333333333333
39.0
68.33333333333333
49.0
45.333333333333336
64.66666666666667
46.666666666666664
43.666666666666664
48.0
51.0
58.0
66.66666666666667
52.333333333333336
47.0
63.0
36.666666666666664
73.33333333333333
69.66666666666667
60.666666666666664
61.12 61.216 63.336